  -1.5845766e+00
   1.4687162e+00
  -6.6002746e-01
  -1.8935129e+00
  -9.4328660e-01
  -5.5425980e-01
   1.5730098e+00
   3.7175872e-01
   5.5945008e+00
   5.3101450e+00
   3.5262446e+00
   7.4823252e+00
   4.3879657e+00
   1.6508168e+00
   1.8837857e+00
   4.0471434e+00
   6.7154485e+00
   1.0322901e+01
   1.2920291e+01
   1.8132659e+01
   1.6358187e+01
   8.5113617e+00
   5.0705886e+00
   5.5964452e+00
   4.9800826e+00
   3.8984067e+00
   5.2734088e+00
   6.6336572e+00
   4.1688357e+00
   5.4840367e+00
   6.4341428e+00
   4.6715664e+00
   3.3178655e+00
   5.8053738e+00
   5.3382057e+00
   4.0275296e+00
   1.0176876e+00
   4.4758817e+00
   7.2416430e+00
   4.0202375e+00
   5.2165466e+00
   5.6808973e+00
   5.4900182e+00
   1.0765761e+01
   1.1754587e+01
   1.7397534e+01
   1.3504016e+01
   8.8111685e+00
   2.0048997e+00
   2.1339079e+00
   5.4932599e+00
   2.5844000e+00
   2.8986343e+00
   4.4347789e+00
   7.2333464e+00
   1.1761657e+01
   1.3350846e+01
   1.8692149e+01
   2.1816827e+01
   1.5262355e+01
   8.2338892e+00
   1.6954483e+01
   1.4432910e+01
   5.9927358e+00
   1.1052087e+01
   1.6423086e+01
   2.1606652e+01
   2.2053341e+01
   2.4903359e+01
   1.9597950e+01
   1.4232670e+01
   1.6564125e+01
   1.9238152e+01
   1.6040785e+01
   8.2057552e+00
   2.4275554e+00
   4.4589782e+00
   4.6436649e+00
   3.7799456e+00
   1.0605774e+01
   1.5229681e+01
   1.9632508e+01
   1.3162222e+01
   1.5261422e+01
   9.6768230e+00
   9.6922113e+00
   1.6902887e+01
   2.0378522e+01
   1.9244823e+01
   2.0242917e+01
   2.2064670e+01
   1.6794615e+01
   1.6153382e+01
   1.8784344e+01
   1.1904769e+01
   6.3532569e+00
   1.0009238e+00
   1.1009516e+00
   5.4284160e+00
   4.3053269e+00
   3.4127359e+00
   5.6360059e+00
   5.3737484e+00
   4.6345027e+00
   1.9598901e+00
   2.8849709e+00
   4.8501257e+00
   3.4140778e+00
   2.1790285e+00
  -6.2122584e-02
   4.5074298e+00
   7.5450516e+00
   1.1917691e+01
   1.3997133e+01
   1.9539508e+01
   1.9438098e+01
   1.4955738e+01
   1.7271219e+01
   1.9829385e+01
   1.8827871e+01
   1.4450555e+01
   2.0366245e+01
   2.2663744e+01
   1.4476867e+01
   1.9356114e+01
   1.6920149e+01
   1.0031493e+01
   4.3815360e+00
   4.0879379e+00
   4.0732847e+00
   6.0385682e+00
   5.4543587e+00
   8.1443404e+00
   1.1714886e+01
   1.0224561e+01
   1.5208412e+01
   1.4914942e+01
   1.1726087e+01
   1.3280923e+01
   1.5696095e+01
   1.8085043e+01
   1.0114689e+01
   7.7640422e+00
   1.1241236e+01
   8.3744061e+00
   1.0960661e+01
   1.4107594e+01
   1.0601483e+01
   9.0223222e+00
   1.4884171e+01
   2.0150159e+01
   1.5332127e+01
   9.0696352e+00
   3.3136663e+00
   6.6509507e-01
   5.3848516e+00
   4.7173662e+00
   1.1377457e+01
   1.2695592e+01
   1.7455189e+01
   1.5475195e+01
   9.0617791e+00
   7.9379377e+00
   4.8803139e+00
   4.5202498e+00
   3.7454735e-01
   4.8917907e+00
   3.9110541e+00
   3.7944417e+00
   1.0449761e+01
   1.0968534e+01
   1.7902653e+01
   1.6282384e+01
   1.7427465e+01
   1.9471012e+01
   2.3628709e+01
   1.9374649e+01
   1.4794853e+01
   1.5312757e+01
   1.8006008e+01
   8.1086485e+00
   3.9156094e+00
   4.9409644e+00
   7.1308073e+00
   5.8059262e+00
   1.1274980e+01
   9.2755018e+00
   1.5056878e+01
   1.4615261e+01
   8.9139305e+00
   8.3483428e+00
   6.4972129e+00
   4.7580343e+00
   1.0851605e+01
   1.5673679e+01
   1.9143535e+01
   1.1810242e+01
   7.6649466e+00
   7.0438636e+00
   4.8509070e+00
   3.7397929e+00
   4.2778262e+00
   7.2102318e+00
   4.1644219e+00
   1.3817928e+00
  -2.1283724e-01
   2.0996433e-01
  -1.0432469e-01
   8.1286905e-01
  -9.2276789e-01
